 variables=x,y,rho_wall,U_wall,V_wall,Ttra_wall,P_wall,P_t_wall,tau_wall,q_wall,
 qwall2
 ZONE I=          39 , J=           1 , F=point
        0.0000000000        0.0000000000        0.0000000000        0.0000000000        0.0000000000        0.0000000000        0.0000000000        0.0000000000        0.0000000000        0.0000000000        0.0000000000
        0.0000000000        0.0000000000        0.0000000000        0.0000000000        0.0000000000        0.0000000000        0.0000000000        0.0000000000        0.0000000000        0.0000000000        0.0000000000
        0.0000000000        0.0000000000        0.0000000000        0.0000000000        0.0000000000        0.0000000000        0.0000000000        0.0000000000        0.0000000000        0.0000000000        0.0000000000
        0.0000000000        0.0000000000        0.0000000000        0.0000000000        0.0000000000        0.0000000000        0.0000000000        0.0000000000        0.0000000000        0.0000000000        0.0000000000
        0.0000000000        0.0000000000        0.0000000000        0.0000000000        0.0000000000        0.0000000000        0.0000000000        0.0000000000        0.0000000000        0.0000000000        0.0000000000
        0.0000000000        0.0000000000        0.0000000000        0.0000000000        0.0000000000        0.0000000000        0.0000000000        0.0000000000        0.0000000000        0.0000000000        0.0000000000
        0.0000000000        0.0000000000        0.0000000000        0.0000000000        0.0000000000        0.0000000000        0.0000000000        0.0000000000        0.0000000000        0.0000000000        0.0000000000
        0.0000000000        0.0000000000        0.0000000000        0.0000000000        0.0000000000        0.0000000000        0.0000000000        0.0000000000        0.0000000000        0.0000000000        0.0000000000
        0.0000000000        0.0000000000        0.0000000000        0.0000000000        0.0000000000        0.0000000000        0.0000000000        0.0000000000        0.0000000000        0.0000000000        0.0000000000
        0.0000000000        0.0000000000        0.0000000000        0.0000000000        0.0000000000        0.0000000000        0.0000000000        0.0000000000        0.0000000000        0.0000000000        0.0000000000
        0.0000000000        0.0000000000        0.0000000000        0.0000000000        0.0000000000        0.0000000000        0.0000000000        0.0000000000        0.0000000000        0.0000000000        0.0000000000
        0.0000000000        0.0000000000        0.0000000000        0.0000000000        0.0000000000        0.0000000000        0.0000000000        0.0000000000        0.0000000000        0.0000000000        0.0000000000
        0.0000000000        0.0000000000        0.0000000000        0.0000000000        0.0000000000        0.0000000000        0.0000000000        0.0000000000        0.0000000000        0.0000000000        0.0000000000
        0.0000000000        0.0000000000        0.0000000000        0.0000000000        0.0000000000        0.0000000000        0.0000000000        0.0000000000        0.0000000000        0.0000000000        0.0000000000
        0.0000000000        0.0000000000        0.0000000000        0.0000000000        0.0000000000        0.0000000000        0.0000000000        0.0000000000        0.0000000000        0.0000000000        0.0000000000
        0.0000000000        0.0000000000        0.0000000000        0.0000000000        0.0000000000        0.0000000000        0.0000000000        0.0000000000        0.0000000000        0.0000000000        0.0000000000
        0.0000000000        0.0000000000        0.0000000000        0.0000000000        0.0000000000        0.0000000000        0.0000000000        0.0000000000        0.0000000000        0.0000000000        0.0000000000
        0.0000000000        0.0000000000        0.0000000000        0.0000000000        0.0000000000        0.0000000000        0.0000000000        0.0000000000        0.0000000000        0.0000000000        0.0000000000
        0.0000000000        0.0000000000        0.0000000000        0.0000000000        0.0000000000        0.0000000000        0.0000000000        0.0000000000        0.0000000000        0.0000000000        0.0000000000
        0.0000000000        0.0000000000        0.0000000000        0.0000000000        0.0000000000        0.0000000000        0.0000000000        0.0000000000        0.0000000000        0.0000000000        0.0000000000
        0.0000000000        0.0000000000        0.0000000000        0.0000000000        0.0000000000        0.0000000000        0.0000000000        0.0000000000        0.0000000000        0.0000000000        0.0000000000
        0.0000000000        0.0000000000        0.0000000000        0.0000000000        0.0000000000        0.0000000000        0.0000000000        0.0000000000        0.0000000000        0.0000000000        0.0000000000
        0.0000000000        0.0000000000        0.0000000000        0.0000000000        0.0000000000        0.0000000000        0.0000000000        0.0000000000        0.0000000000        0.0000000000        0.0000000000
        0.0000000000        0.0000000000        0.0000000000        0.0000000000        0.0000000000        0.0000000000        0.0000000000        0.0000000000        0.0000000000        0.0000000000        0.0000000000
        0.0000000000        0.0000000000        0.0000000000        0.0000000000        0.0000000000        0.0000000000        0.0000000000        0.0000000000        0.0000000000        0.0000000000        0.0000000000
        0.0000000000        0.0000000000        0.0000000000        0.0000000000        0.0000000000        0.0000000000        0.0000000000        0.0000000000        0.0000000000        0.0000000000        0.0000000000
        0.0000000000        0.0000000000        0.0000000000        0.0000000000        0.0000000000        0.0000000000        0.0000000000        0.0000000000        0.0000000000        0.0000000000        0.0000000000
        0.0000000000        0.0000000000        0.0000000000        0.0000000000        0.0000000000        0.0000000000        0.0000000000        0.0000000000        0.0000000000        0.0000000000        0.0000000000
        0.0000000000        0.0000000000        0.0000000000        0.0000000000        0.0000000000        0.0000000000        0.0000000000        0.0000000000        0.0000000000        0.0000000000        0.0000000000
        0.0000000000        0.0000000000        0.0000000000        0.0000000000        0.0000000000        0.0000000000        0.0000000000        0.0000000000        0.0000000000        0.0000000000        0.0000000000
        0.0000000000        0.0000000000        0.0000000000        0.0000000000        0.0000000000        0.0000000000        0.0000000000        0.0000000000        0.0000000000        0.0000000000        0.0000000000
        0.0000000000        0.0000000000        0.0000000000        0.0000000000        0.0000000000        0.0000000000        0.0000000000        0.0000000000        0.0000000000        0.0000000000        0.0000000000
        0.0000000000        0.0000000000        0.0000000000        0.0000000000        0.0000000000        0.0000000000        0.0000000000        0.0000000000        0.0000000000        0.0000000000        0.0000000000
        0.0000000000        0.0000000000        0.0000000000        0.0000000000        0.0000000000        0.0000000000        0.0000000000        0.0000000000        0.0000000000        0.0000000000        0.0000000000
        0.0000000000        0.0000000000        0.0000000000        0.0000000000        0.0000000000        0.0000000000        0.0000000000        0.0000000000        0.0000000000        0.0000000000        0.0000000000
        0.0000000000        0.0000000000        0.0000000000        0.0000000000        0.0000000000        0.0000000000        0.0000000000        0.0000000000        0.0000000000        0.0000000000        0.0000000000
        0.0000000000        0.0000000000        0.0000000000        0.0000000000        0.0000000000        0.0000000000        0.0000000000        0.0000000000        0.0000000000        0.0000000000        0.0000000000
        0.0000000000        0.0000000000        0.0000000000        0.0000000000        0.0000000000        0.0000000000        0.0000000000        0.0000000000        0.0000000000        0.0000000000        0.0000000000
        0.0000000000        0.0000000000        0.0000000000        0.0000000000        0.0000000000        0.0000000000        0.0000000000        0.0000000000        0.0000000000        0.0000000000        0.0000000000
